0.037353 134
348.232618 1
0.156941 2
0.500067 4
0.117864 1
0.293989 4
0.109015 4
0.076903 1
0.202056 1
0.364097 1
0.263946 1
0.096002 1
0.147957 1
0.216051 1
8.458069 4
0.151915 4
0.159855 4
0.148095 4
0.508093 4
0.445909 1
0.315011 1
0.100119 1
0.159849 1
0.240076 1
0.207947 1
0.280026 1
0.243999 1
0.195947 1
0.692157 1
6.586917 1
2.280039 1
0.207850 1
0.094023 1
0.201057 1
0.194912 1
0.072006 1
0.120122 1
0.747990 1
0.244978 1
0.804001 2
0.012960 27
0.000165 29
0.000669 134
6.379220 1
0.235905 1
0.007978 1
0.444057 4
0.140981 4
0.070994 1
0.172037 1
0.207932 1
0.056019 1
0.103983 1
0.163993 1
0.212030 1
0.337976 4
0.179000 1
0.196034 4
0.143957 4
0.159993 4
0.154018 4
0.162997 4
0.502904 1
0.248073 1
0.092076 1
0.143943 1
0.180061 1
0.175828 1
0.873233 1
0.101895 1
0.125980 1
0.504091 1
1.559944 1
0.340045 1
0.179949 1
0.090043 1
0.193921 1
0.167075 1
0.082978 1
0.085987 1
0.601035 1
0.190976 1
0.799054 2
0.006196 27
0.000204 29
0.000646 134
15.277963 1
0.155003 1
0.151978 1
0.471861 4
0.156071 4
19.997115 1
0.803885 1
0.295872 1
1.300104 4
0.272928 1
0.321032 1
0.202939 1
0.094987 1
0.192378 1
0.211686 1
0.083890 1
0.095160 1
0.428985 4
0.179944 4
0.157012 4
0.158979 4
0.164012 4
0.159993 4
0.151985 4
0.144050 4
0.604995 1
0.219937 1
0.110065 1
0.182011 1
0.283990 1
0.752027 4
0.144909 4
0.151011 4
0.160030 4
0.126008 4
0.218019 1
0.268923 1
0.100049 1
0.123927 1
0.224050 1
0.440058 1
0.229980 1
0.145954 1
0.134009 1
0.245993 1
0.637072 1
0.371890 1
0.232208 1
0.095893 1
0.225915 1
0.256056 1
0.097896 1
0.087055 1
0.671109 1
0.216918 1
0.191954 2
0.007313 134
2.249799 1
0.123888 1
0.092031 1
0.211972 1
0.052058 1
0.103857 1
0.213152 1
0.299059 4
0.148874 4
0.160027 4
0.143977 4
0.236033 1
0.247967 1
0.103035 1
0.132869 1
0.233058 1
0.183014 1
0.161046 1
0.159997 1
0.111972 1
0.368043 4
0.173993 4
0.378000 1
0.132002 1
0.263955 1
0.537271 1
0.355749 1
0.195967 1
0.100058 1
0.496067 1
0.267884 1
0.095911 1
0.089104 1
0.676587 1
0.199414 1
0.536062 2
0.007016 134
0.769888 1
0.187943 1
0.644153 4
0.099927 1
0.200015 1
0.761089 1
0.187860 1
0.128148 1
0.151751 1
0.264163 1
0.203838 1
0.154191 1
0.159938 1
0.126006 1
0.336157 1
0.257812 1
0.360057 1
0.208883 1
0.104136 1
0.195932 1
0.192050 1
0.092101 1
0.089932 1
5.071965 1
0.691932 4
0.123883 1
0.156289 1
0.215896 2
0.007284 134
1.273755 1
0.228045 1
0.539963 1
3.170907 1
0.487016 1
0.240021 1
0.083877 1
0.204071 1
0.248040 1
0.275980 1
0.123979 1
0.412042 1
0.480038 1
0.175918 1
0.230982 1
0.128976 1
0.750121 1
0.289951 1
0.340015 4
0.163841 1
0.316143 1
0.188006 1
0.083897 1
0.185066 1
0.126831 1
0.085149 1
0.096014 1
0.511999 1
0.164046 1
0.213003 2
0.981721 82
0.000510 2
0.008806 134
2.028952 1
0.459989 4
0.456992 1
0.135973 1
0.416075 4
0.123866 4
0.225998 1
0.130055 1
0.288019 4
0.160034 4
0.516023 1
0.281029 1
0.275919 1
0.255961 1
0.360102 1
0.207957 1
0.100039 1
0.232890 1
0.182932 1
0.095126 1
0.097918 1
0.272044 1
0.180007 1
0.172896 1
0.255142 1
0.138999 1
0.224971 1
0.327957 1
0.380090 1
0.199981 1
0.089054 1
0.199981 1
0.191937 1
0.100163 1
0.075836 1
0.290990 1
0.221015 1
0.818027 2
0.007158 134
9.897892 1
0.607913 4
0.537009 1
0.019913 1
0.484046 4
0.191996 1
0.276102 1
0.862928 1
0.286053 1
0.187901 1
0.300040 1
0.299936 1
0.184010 1
0.184988 1
0.071072 1
0.192047 1
0.228021 1
0.096986 1
0.563982 1
0.215815 1
0.220131 1
0.212981 1
0.273042 1
0.375938 1
0.368039 1
0.185994 1
0.076957 1
0.221027 1
0.218912 1
0.109100 1
0.079951 1
0.272018 1
0.012031 1
0.410040 4
0.142999 4
0.243931 1
0.175991 1
0.320103 2
0.077924 2
0.000153 82
0.006810 134
4.924074 1
0.068062 1
0.157812 1
0.226087 1
0.116047 1
0.159967 1
0.138976 1
0.273029 1
0.129921 1
0.170078 1
0.073015 1
0.159853 1
0.167065 1
0.076025 1
0.114880 1
0.257149 1
0.187985 1
0.191039 1
0.125935 1
0.298993 1
0.385125 1
0.189873 1
0.093916 1
0.208180 1
0.151920 1
0.088058 1
0.091901 1
0.256056 1
0.239865 1
0.434149 2
0.007208 134
166.561484 1
0.451785 1
0.140092 1
0.352026 1
0.400084 1
1.176996 1
0.147786 1
0.104132 1
0.272018 4
0.154059 4
0.153845 4
0.136045 4
0.230024 1
0.409956 1
0.073022 1
0.142982 1
0.188002 1
0.211990 1
0.180982 1
0.127094 1
0.135957 1
0.176992 2
0.023263 81
0.001882 90
0.000852 134
3.510044 1
0.321007 1
0.243868 1
0.148033 1
0.360137 4
0.148831 4
0.156914 4
0.142181 4
0.143970 1
0.180039 1
0.094914 1
0.280033 1
0.323107 1
0.558978 4
0.166972 4
0.159931 4
0.159889 4
0.156132 4
0.280022 1
0.204029 1
0.537020 4
0.159982 4
0.093921 1
0.182020 1
0.111904 1
0.229111 1
0.326917 1
0.204137 1
0.075959 1
0.183992 1
0.147973 1
0.076037 1
0.088266 1
0.235785 1
0.160010 1
0.600955 2
0.000610 154
1.687349 1
0.392003 1
0.137876 1
0.271056 1
0.868010 1
0.244076 1
0.098011 1
0.145935 1
0.232060 1
0.291975 4
0.174045 1
0.190977 1
0.359980 1
0.119980 1
0.132100 1
0.171791 2
1.201539 154
1.158657 1
0.567864 1
0.152066 1
0.283981 4
0.141111 4
0.236870 1
0.145988 1
0.328134 1
0.286822 1
0.286017 4
0.223913 1
0.200096 1
0.108066 1
0.175975 1
0.188010 1
0.144969 1
0.197107 1
0.137952 1
0.138955 1
0.233013 2
0.253594 154
1.355462 1
0.476890 1
0.154941 1
0.168087 4
0.158016 4
0.150015 4
0.089968 1
0.370024 1
0.164063 1
0.175841 4
0.148111 4
0.155965 4
0.167992 1
0.796110 1
0.528885 4
0.404012 1
0.387978 1
0.128009 1
0.244063 1
0.532005 1
0.020955 1
0.275953 1
0.080097 1
0.163900 1
0.412189 4
0.147830 4
0.142097 4
0.133921 4
0.080005 1
0.105054 1
0.166899 1
0.384055 1
0.171973 1
0.220026 1
0.134962 1
0.129062 1
0.424004 2
0.290969 154
84.967944 1
0.372857 1
0.483108 4
0.219921 1
0.800086 4
0.199903 4
1.756982 1
0.199953 1
0.216079 1
0.376001 1
0.232930 1
0.190972 1
0.127161 1
0.229938 1
0.471954 1
0.532049 1
0.485986 1
0.025834 1
0.204337 1
0.111833 1
0.260925 4
0.158077 4
0.168914 4
0.157013 4
0.274008 1
0.559045 4
0.364091 1
0.258966 1
0.377868 4
0.040091 1
0.089910 1
0.171985 1
0.108012 1
0.247954 1
0.400081 1
0.047988 1
0.476023 4
0.119939 1
0.196070 1
0.148934 1
0.120039 1
0.167005 1
0.741030 1
0.159870 1
0.007035 1
0.082020 1
0.335104 4
0.155946 4
0.075989 1
0.088048 1
0.524008 1
0.131906 1
0.100052 1
0.295973 1
0.392026 1
0.308016 1
1.240035 4
0.836964 1
0.295951 2
0.000430 134
2.265611 1
0.127913 1
0.632072 1
0.669059 1
0.175898 1
0.224028 1
0.107937 1
0.187966 1
0.116039 1
0.492133 1
0.703950 1
0.299855 1
0.592351 1
0.179789 1
0.887980 1
0.200902 1
0.120210 1
0.627941 1
0.808940 1
0.102922 1
0.228017 1
0.781088 1
0.183967 1
0.856136 1
0.469882 1
1.916939 1
0.398013 1
0.190000 1
0.083031 1
0.179010 1
0.239855 1
0.372106 4
0.612024 1
0.059963 1
0.060038 1
0.243917 1
0.164044 1
5.654087 2
0.006362 39
0.000140 29
0.000727 134
10.414746 1
1.019989 1
0.127919 1
0.236067 1
0.155896 1
0.240017 1
0.248007 1
0.240090 1
0.09