0.039536 154
62.832666 1
0.140834 1
0.187048 2
0.012308 202
0.000705 154
144.151004 1
0.464019 1
0.144003 1
0.825002 1
2.504982 1
0.164050 1
0.239963 1
0.419957 1
0.414928 1
0.002833 1
0.520299 4
0.202952 1
0.175928 1
0.179084 1
6.756018 2
1.326668 154
85.463359 1
1.215970 1
1.012043 1
0.284894 1
0.316079 1
0.235869 1
0.131791 1
0.396252 2
0.002266 42
0.000837 154
30.786084 1
0.703935 1
0.172931 1
0.626797 1
0.148111 1
0.293008 1
0.584033 1
0.620056 1
2.331919 4
0.188159 4
0.180702 4
0.192123 4
0.164045 4
0.580084 1
1.825092 1
0.471820 1
0.171866 1
0.382275 4
0.181990 4
0.155525 4
0.168194 1
0.377067 1
0.214927 1
0.561264 1
0.107933 1
1.372101 1
0.127696 1
0.164216 1
5.570103 1
0.579939 1
0.311908 1
0.512139 1
0.191808 1
0.236022 1
0.428154 1
0.167820 1
0.257019 1
0.150979 1
0.864183 2
0.315935 154
0.528025 1
0.280974 1
0.367884 1
0.284010 1
0.159961 1
0.183922 1
0.252150 1
0.156001 1
0.299862 2
80.910308 2
2.487818 1
0.240018 1
0.143763 2
17.538412 1
0.227733 1
0.099891 1
0.432229 2
0.492275 2
1.451673 2
0.5