0.037640 154
4804.784872 1
0.099845 1
0.091820 1
0.134166 2
0.022632 322
0.000562 726
0.000194 1035
0.000719 154
266.043764 1
0.179756 1
0.228055 1
4.590027 1
0.377113 4
0.299007 2
0.000339 80
1.225511 1
0.415921 1
0.440112 4
0.203872 4
0.178203 1
0.178900 1
0.175987 1
0.236097 1
0.239776 1
0.253063 1
0.130951 1
0.216154 1
0.524124 1
0.245773 1
0.370032 1
0.316144 1
0.159927 1
0.157821 1
0.077033 1
0.362244 1
0.516994 1
0.242886 1
0.218925 1
0.144146 1
0.207912 1
5.657167 1
0.675877 1
0.191924 1
0.097542 1
0.091312 1
1.188387 1
0.276312 1
0.223536 1
0.260120 1
0.215760 1
1.636279 1
0.251811 2
0.000385 134
1.824617 1
0.111986 1
0.072013 1
0.124160 1
0.083812 1
0.115963 1
0.124182 1
29.039934 1
0.548016 1
0.175750 1
0.112031 1
0.107952 1
8.127329 4
0.151749 4
0.143979 4
0.147936 4
0.326061 1
0.160999 1
0.108134 1
0.105813 1
0.380317 1
0.159698 1
0.324310 1
12.019009 1
0.139916 1
0.296076 2
0.035864 134
2.973049 1
0.260030 1
0.143789 1
0.131957 1
0.156134 1
0.168007 1
0.091844 1
0.084233 1
0.175991 1
0.074004 1
0.165756 2
0.028401 16
0.003690 373
0.000025 150
0.000827 134
34.631398 1
0.267732 1
0.195983 1
0.496310 1
0.275921 1
0.091719 1
0.213073 1
0.117023 1
0.427233 1
0.019813 1
0.095874 1
0.760312 1
0.334724 1
0.350214 1
0.395767 1
9.648170 1
0.355899 1
0.115912 1
0.127941 1
0.229253 1
0.392084 4
0.095615 1
0.120362 1
0.143637 1
0.114139 1
0.162903 1
0.170994 1
0.072146 1
0.192054 1
0.111882 1
0.104320 1
0.105678 1
0.160234 1
0.079987 1
0.101796 1
0.215128 1
0.443127 4
0.287051 1
1.848129 2
0.100024 96
0.000608 134
2.120214 1
0.139847 1
0.107873 1
0.316240 4
0.142958 4
0.207731 1
0.100048 1
0.106986 1
0.120167 1
0.086154 1
0.218885 1
0.123765 1
0.180105 1
0.104139 1
0.336066 1
0.392981 1
0.744124 1
0.387657 1
0.852196 1
0.384165 4
0.219599 1
0.213024 1
0.118188 1
0.082924 1
0.157761 1
0.126098 1
0.095009 1
0.164040 1
0.262247 1
0.272753 1
0.052918 1
0.172111 1
0.108027 1
0.107135 1
0.096780 1
0.159897 1
0.084881 1
0.071390 1
0.355824 1
0.488235 2
0.023835 325
0.000779 134
9.346320 1
0.080101 1
0.119601 1
0.120009 1
0.112459 1
0.107829 1
0.167925 1
0.115853 1
0.154061 1
0.511213 1
0.551993 1
0.323950 1
0.135857 1
0.328168 1
0.131701 1
0.741419 4
0.491925 4
0.159772 4
0.151998 4
0.640280 1
0.127777 1
0.272361 1
0.371815 4
0.115748 1
0.108045 1
0.159956 1
0.144273 1
0.173802 1
0.087384 1
0.192510 1
0.640257 1
0.078121 1
0.081765 1
0.161041 1
0.930128 4
0.163742 4
0.160004 4
0.156976 4
0.696161 1
0.227878 1
0.127863 1
0.752442 4
0.168749 4
0.175919 4
1.416295 1
0.091797 1
0.108137 1
0.159679 1
0.303367 1
0.573759 1
0.116242 1
0.112694 1
0.123314 1
0.196965 1
0.604287 1
2.018847 1
0.427895 4
1.208048 1
0.179688 1
0.657333 4
0.159849 4
3.164054 1
0.651819 4
0.166105 1
0.130823 1
0.115908 1
0.096366 1
0.220703 1
0.211310 4
0.151864 4
0.161085 4
0.166993 4
0.151700 4
0.416221 1
0.160159 1
0.120725 1
0.131951 1
0.133024 1
0.147141 1
0.255857 1
0.197197 1
0.142836 1
0.084602 1
0.071367 1
0.419020 1
0.209100 1
0.110853 1
0.141001 1
0.119892 1
0.102159 1
0.223203 1
0.371031 1
0.152914 1
0.172857 1
0.215322 1
0.115519 1
0.183363 1
0.104669 1
0.156487 1
0.079923 1
1.007968 1
2.276894 2
0.006232 134
1.493849 1
0.104254 1
0.115513 1
0.099965 1
0.120004 1
0.085918 1
0.152155 1
0.078200 1
0.159855 1
0.131878 1
0.220989 1
0.696448 1
0.149840 1
0.226036 1
0.135713 1
0.176144 1
0.175926 1
0.196014 1
0.063878 1
0.316492 1
1.188747 1
0.054836 1
0.087928 1
0.152162 1
0.139868 1
0.530337 4
2.401979 1
0.437044 1
0.127598 1
0.100008 1
0.090592 1
2.689612 1
0.361050 1
4.388685 1
0.207466 1
0.175640 1
0.083965 1
0.019945 1
0.475316 4
0.140796 4
0.302253 4
1.126892 1
0.214897 1
0.276932 1
0.544211 4
0.179814 4
0.179960 4
0.175977 4
0.177243 4
0.865090 1
0.239663 1
0.572220 1
0.159818 1
0.344289 4
0.167744 4
0.164157 4
0.132918 4
0.262898 1
0.063976 1
0.163978 1
0.145989 1
0.106343 1
0.303680 1
0.892261 2
0.008721 134
80.406209 1
0.247988 1
0.217105 1
0.119632 1
0.188145 1
0.432206 4
0.148762 4
0.167235 4
0.149784 4
0.169950 4
0.470032 1
0.410014 1
0.248119 1
0.091817 1
0.214291 1
0.306839 1
0.140015 1
0.233126 1
0.230830 1
0.172179 1
0.135617 1
0.236349 1
0.102776 1
0.225160 2
0.098341 79
0.000018 36
0.006974 134
75.934712 1
0.127956 1
0.152228 1
0.223627 1
0.716322 1
0.130651 1
0.233088 1
0.129090 1
0.247122 1
0.155741 1
0.381224 1
0.464151 1
0.315931 1
0.439694 1
0.554030 1
0.370255 1
0.171700 1
0.178935 1
0.189316 1
0.119712 1
0.083985 1
0.156111 1
0.172115 1
0.331959 1
0.444901 4
0.163969 1
0.084011 1
0.188027 1
0.115958 1
0.144055 1
0.087000 1
0.205973 1
0.082926 1
0.060062 1
0.283988 1
0.647294 2
0.067788 500
0.000166 51
0.000983 134
28.179126 1
0.127900 1
0.088526 1
0.123207 1
0.128215 1
0.169930 1
0.083030 1
0.090868 1
0.155947 1
0.064268 1
0.155710 2
0.017656 16
0.002316 469
0.000024 67
0.000862 134
23.127492 1
0.199717 1
0.135990 1
0.107758 1
0.132220 1
0.180008 1
0.091966 1
0.102891 1
0.189207 1
0.093891 1
0.203022 1
2.696357 4
1.107905 1
0.639900 1
0.500090 1
0.119810 1
0.149579 1
0.803430 4
0.167912 4
0.140333 4
0.327745 1
0.108181 1
0.167717 1
0.376244 1
0.179809 1
0.204199 1
0.251949 1
0.620033 4
0.243855 1
0.084746 1
0.235599 2
0.009886 16
0.002248 143
0.000736 134
41.320113 1
0.168056 1
0.151744 1
0.088247 1
0.199848 1
0.207953 1
0.112006 1
0.109463 1
0.199575 1
0.320052 1
0.317023 1
0.282929 1
1.126964 1
0.124108 1
0.123608 1
0.112226 1
0.088003 1
0.178873 1
0.160227 1
3.297990 1
0.151948 1
0.080059 1
0.143908 1
1.675928 2
0.857674 35
23.957258 1
0.203031 1
0.095832 1
0.192413 1
0.139559 1
0.136046 1
0.364090 1
0.060034 1
0.436156 2
0.000419 44
4.348515 2
0.064751 356
0.002495 134
30.452766 1
0.204217 1
0.111844 1
0.080824 1
0.183281 1
0.216845 1
0.124011 1
0.134835 1
0.207996 1
0.504348 1
0.395929 1
0.248814 1
0.188110 1
0.087909 1
0.112025 1
0.115213 1
0.108661 1
0.544291 1
0.163858 1
0.192009 1
0.123972 1
0.091954 1
0.144022 1
0.219880 2
0.219586 35
2.000662 1
0.087747 1
0.108088 1
0.076760 1
0.167224 1
0.115898 1
0.172032 1
0.168170 1
0.141085 1
0.076699 1
0.087009 1
0.440208 1
0.235992 1
0.002858 1
0.074838 1
0.357376 3
0.139670 3
0.063260 1
0.184932 1
0.124009 1
0.107959 1
0.225034 1
0.094992 1
0.385016 3
0.202890 1
0.136013 1
0.123889 1
0.211323 1
0.080707 1
0.349091 1
0.097082 1
0.146964 1
0.086941 1
0.719922 2
0.000369 63
2.653789 2
0.046445 356
0.002167 134
42.531718 1
0.155997 1
0.137819 1
0.132062 1
0.219659 1
0.224314 1
0.127700 1
0.103113 1
0.440188 1
0.268730 1
0.280010 1
0.213005 1
0.327272 1
0.171791 1
0.524242 1
0.155757 1
0.148008 1
0.190998 1
0.149839 1
0.176105 1
0.123996 1
0.096214 1
0.147809 1
0.251974 2
0.191069 35
0.929095 1
0.099846 1
0.188189 1
0.015688 1
0.653338 3
0.143739 3
0.135924 1
0.108601 1
0.183431 1
0.089095 1
0.186971 1
0.170964 1
0.153005 1
0.097638 1
0.086405 1
0.451898 1
0.212021 1
0.112891 1
0.148115 1
0.160067 1
0.107871 1
0.204281 1
0.175946 1
0.152101 1
0.119962 1
0.163992 1
0.127866 1
0.170865 1
0.290100 3
0.189831 1
0.086064 1
0.157033 1
0.059160 1
3.905230 2
0.000389 63
3.144468 2
0.044907 356
0.002087 134
27.892112 1
0.393989 4
0.162752 1
0.067044 1
0.143965 1
0.073098 1
0.208158 1
0.203856 1
0.115882 1
0.095931 1
0.261432 1
0.278706 1
0.252330 1
0.221557 1
0.206040 1
0.127926 1
0.105204 1
0.098901 1
0.108159 1
0.172083 1
0.141745 1
0.167129 1
0.126847 1
0.088171 1
0.145155 1
0.167884 2
0.206979 35
6.580378 1
0.407590 1
0.095857 1
0.183931 1
0.140126 1
0.159840 1
0.444090 1
0.056235 1
0.167555 2
0.000337 44
3.120960 2
0.066222 356
0.001751 134
7.811004 1
0.144902 1
0.095019 1
0.099870 1
0.188517 1
0.191856 1
0.066754 1
0.192987 1
0.134171 1
9.766084 1
0.155881 1
0.692077 1
0.163803 1
0.101004 1
0.179192 1
0.159755 1
0.181111 1
0.128095 1
0.096020 1
0.151749 1
0.560559 2
0.221717 35
187.831115 2
0.000364 35
0.487730 2
1.288912 1
1.052948 1
0.126726 1
0.234064 1
0.739139 3
0.171912 3
0.169855 3
0.169992 3
1.281461 115
0.001770 134
5.029128 1
0.317963 1
0.082815 1
0.304194 4
0.143708 4
1.009264 4
0.880013 1
0.128051 1
0.267939 1
0.175927 1
0.964077 1
0.128837 1
0.095011 1
60.306245 4
0.163696 4
0.152156 4
0.147799 4
0.152045 4
0.128116 4
0.536080 4
0.183967 1
0.150017 1
0.141916 1
0.449079 4
0.119828 4
0.213202 1
0.186790 1
0.144206 1
0.105757 1
0.154113 1
0.092037 1
0.171849 1
0.104131 1
0.169011 1
0.080028 1
0.116915 1
0.240076 1
0.156086 1
0.120967 1
1.036031 1
0.145766 1
0.115971 1
0.901190 1
0.158051 1
0.049810 1
0.092197 1
0.476221 2
0.103675 27
0.006850 134
666.278331 1
0.183875 1
0.260067 1
0.299892 1
0.331985 1
0.203881 1
0.084008 1
0.166966 1
0.209330 1
0.150884 1
0.101070 1
0.304773 1
0.317279 1
0.459052 2
0.000595 154
2.464314 1
0.155777 1
0.055876 1
0.192407 1
0.219814 1
0.084224 1
0.143657 1
17.262165 1
0.739913 1
0.266049 1
0.160931 1
0.482053 4
0.151933 4
0.126189 4
0.173883 1
0.395965 1
0.214055 1
0.087924 1
0.187996 1
0.156296 1
0.113583 1
0.102178 1
1.560957 1
0.003931 1
0.486352 4
0.113879 1
0.130047 1
0.156858 1
0.281137 4
0.184941 1
0.115988 1
0.141915 1
0.138110 1
0.179797 1
0.820247 2
0.010778 60
0.001019 154
6.175038 1
0.208046 1
0.096178 1
0.119536 1
0.090284 1
0.093916 1
0.156080 1
0.087972 1
0.284448 1
0.344551 1
0.183014 1
0.131979 1
0.204964 1
0.215049 1
0.109375 1
0.094667 1
0.316823 1
0.265066 1
0.154100 1
0.162985 1
0.386072 1
0.130943 1
0.082914 1
0.123045 1
0.255027 1
0.239951 1
0.148925 1
0.444253 2
0.015864 154
4.454186 1
0.167811 1
0.389119 1
0.194887 1
0.165942 1
0.094050 1
0.233150 1
0.146969 1
0.235848 1
0.115969 1
1.094189 1
0.343498 1
0.299579 1
1.296783 1
0.287958 1
1.855909 1
0.365265 1
0.212085 1
0.107743 1
0.848184 1
0.735722 1
0.144148 1
0.119985 1
0.148917 1
0.335178 1
0.116938 1
0.123956 1
0.196052 1
0.189987 1
10.333234 4
0.585913 1
0.911011 1
0.679942 1
0.175862 1
0.148041 1
0.208136 1
0.123818 1
0.164037 1
0.131833 1
0.348259 4
0.156866 4
0.160092 4
0.427074 1
0.119978 1
0.111852 1
0.181135 1
0.167651 1
0.084251 1
0.128173 1
0.403871 1
1.329308 2
0.052788 509
0.000392 86
0.000909 154
37.074750 1
0.645022 1
0.110814 1
0.135993 1
0.496143 1
0.131792 1
0.216077 1
0.157008 1
0.753132 1
0.169855 1
0.225012 1
0.516212 1
0.155751 1
0.415994 1
0.260031 1
0.235958 1
0.105504 1
0.122606 1
0.276944 1
0.363578 1
0.154659 1
0.208760 1
0.184108 1
0.544012 1
0.096018 1
0.215787 1
0.673246 1
0.351808 1
0.168061 1
0.123838 1
0.284101 1
0.160230 1
0.103566 1
0.216169 2
0.031455 51
0.164971 68
0.000016 6
0.005203 60
0.000327 40
0.000548 146
0.000048 6
0.000025 243
0.000029 30
0.000009 213
0.000341 281
0.000029 136
0.000019 91
0.000009 73
0.000009 82
0.000011 62
0.000007 12
29.811073 6
0.000015 31
0.003284 47
0.689544 6
0.000031 43
1.904223 6
0.000033 17
5.581022 6
0.000112 17
6.594674 6
0.000016 42
1.272119 6
0.000030 43
1.472961 6
0.000308 39
0.000015 12
1.307720 6
0.000432 69
3.682325 32
0.001015 36
0.000162 1390
0.000089 21
0.000128 1361
0.000073 225
0.000657 911
4.214094 6
0.000080 17
0.327805 6
0.000055 17
0.612052 6
0.000117 55
1.007867 6
0.000033 17
1.272868 6
0.000015 42
0.862071 6
0.000724 50
0.592278 6
0.000718 68
0.326100 6
0.000016 17
4.096800 6
0.000025 42
0.564128 6
0.000037 43
0.008026 50
0.515935 6
0.000054 17
0.091101 6
0.000057 44
0.208871 6
0.000055 17
0.291917 6
0.000031 44
0.221948 6
0.000032 17
0.159097 6
0.000030 17
0.083907 6
0.000034 43
0.343800 6
0.000723 51
0.639532 6
0.000739 38
0.559236 6
0.000783 40
0.191346 6
0.000737 69
0.190979 6
0.000040 17
0.496081 6
0.000060 17
5.236142 6
0.000102 42
3.144089 18
0.211032 18
0.179979 18
0.191704 18
0.172033 18
0.645158 18
1.053164 7
0.000101 62
1.491367 6
0.000477 623
0.007860 3770
2.607983 831
0.000352 4031
0.000045 803
0.000033 106
0.001068 1233
0.000345 17
3.907812 6
0.000040 43
0.858983 6
0.000030 44
0.613057 6
0.000697 52
0.879260 6
0.000873 38
0.178989 6
0.000773 40
0.175323 6
0.000700 40
0.508451 6
0.000708 40
0.171135 6
0.000785 40
0.163219 6
0.000695 40
0.181320 6
0.000715 70
0.179220 6
0.000122 17
0.171903 6
0.000033 17
0.167985 6
0.000030 17
0.188952 6
0.000017 12
0.275039 6
0.000017 12
0.199948 6
0.000030 12
0.496025 6
0.000019 12
0.187752 6
0.000017 12
0.254772 18
0.647725 18
0.620559 18
0.204094 18
0.159148 18
0.361821 6
0.000576 614
0.003037 3770
5.014790 831
0.000276 4031
0.000054 803
0.000023 106
0.000993 1232
0.000368 16
1.130171 6
0.000109 356
6.217797 6
0.000387 57
0.000500 4
0.018636 509
0.000337 86
0.000972 154
3.399424 158
15.830769 1
0.141010 1
0.154854 1
0.125927 1
0.210069 1
0.193984 1
0.138024 1
0.115983 1
0.200110 1
0.211919 1
0.119861 1
0.112111 1
0.152958 1
0.106979 1
0.160235 1
2.718020 1
0.206839 1
0.083962 1
0.115812 1
0.139998 1
0.188257 2
0.439799 35
4.481246 1
0.111893 1
0.091811 1
0.088020 1
0.173952 1
0.310288 3
0.143844 3
0.159933 3
0.160179 3
0.146835 3
0.199861 1
0.138186 1
0.163942 1
0.032052 1
0.640134 1
0.299959 1
0.303859 1
0.222037 1
0.182046 1
0.127703 1
0.076277 1
0.260906 3
0.140060 3
0.176856 3
0.161191 3
0.125941 3
0.219991 1
0.214022 1
0.170002 1
0.072826 1
0.074221 1
0.560920 1
0.228018 1
0.119991 1
0.356198 1
0.220773 1
0.114997 1
0.189106 1
0.179837 1
0.124061 1
0.116088 1
0.163995 1
0.099958 1
0.167944 1
0.064687 1
0.159433 1
0.101907 1
1.233198 2
0.000445 63
4.204499 2
0.053724 356
0.001939 154
6.318490 1
0.131820 1
0.084161 1
0.129019 1
0.202826 1
0.308112 1
0.593062 1
0.196019 1
0.099830 1
0.207981 1
0.073049 1
0.366812 1
0.212122 1
0.131982 1
0.192062 1
0.151898 1
0.171999 1
0.137066 1
0.082868 1
0.144185 1
0.207990 2
0.215840 35
1.440093 1
0.345082 1
0.171887 1
0.195907 1
0.150235 1
0.146407 1
0.173330 1
0.074016 1
0.540021 2
0.000325 44
9.521840 2
0.051066 356
0.002232 154
4.765821 1
0.123827 1
0.096067 1
0.104060 1
0.191899 1
0.201962 1
0.068005 1
0.180138 1
0.075822 1
0.200106 1
0.083993 1
0.115963 1
0.116010 1
0.096060 1
0.162942 1
0.138163 1
0.184760 1
0.317213 1
0.085891 1
0.159902 1
0.260022 2
0.308451 35
1.827769 1
0.155928 1
0.488310 1
0.144575 1
0.128050 1
0.503951 2
0.000442 41
3.296586 2
0.077457 356
0.002133 154
261.515574 1
0.079943 1
0.135836 1
0.072003 1
0.207122 1
0.209127 1
0.114215 1
0.946696 1
0.169896 1
0.222047 1
0.007942 1
0.116039 1
0.352177 4
0.151843 4
0.140012 4
0.219928 1
0.003928 1
0.084021 1
0.321176 4
0.151889 4
0.136065 4
0.319882 1
0.208081 1
0.197974 1
0.187988 1
0.119945 1
0.185055 1
0.158077 1
0.170005 1
0.270916 1
0.113650 1
0.151142 1
0.204217 2
0.206446 35
1.846664 1
0.243661 1
0.124099 1
0.260102 1
0.133982 1
0.159939 1
0.243009 1
0.056171 1
0.141841 2
0.000380 44
4.409288 2
0.050778 356
0.002010 154
4.539669 1
0.521145 4
0.159857 1
0.343881 1
0.134123 1
0.093981 1
0.139997 1
0.315934 1
0.261076 1
0.119776 1
0.132199 1
0.178990 1
0.169065 1
0.091972 1
0.111993 1
0.109934 1
0.080936 1
0.173103 1
0.153140 1
0.179010 1
0.119704 1
0.092155 1
0.136068 1
0.196913 2
0.204304 35
1.567809 1
0.259821 1
0.087870 1
0.267171 1
0.166018 1
0.128556 1
0.211435 1
0.040015 1
0.192042 2
0.000381 44
8.722559 2
0.069233 118
0.002171 154
5.442799 1
0.100849 1
0.108060 1
0.112023 1
0.211927 1
0.236445 1
0.351644 4
0.248055 1
0.095804 1
0.188169 1
0.195738 1
0.441047 1
0.168064 1
0.187906 1
0.396208 1
0.152825 1
0.267140 1
0.357055 1
0.207767 1
0.129126 1
0.098893 1
0.148120 1
0.434086 2
0.211052 35
1.334715 1
0.203824 1
0.052270 1
0.177001 1
0.124079 1
0.138768 1
0.167126 1
0.047999 1
0.292011 2
0.000370 44
2.320831 2
0.056265 118
0.001973 154
12.597682 2
1.220056 5
0.160857 1
122.743165 1
0.042903 1
0.184947 1
0.092954 1
0.143087 1
0.103885 1
0.164244 1
0.084480 1
0.171354 1
0.124053 1
2.781087 1
0.451865 1
0.152002 1
0.192000 1
0.136006 1
0.171994 1
0.143953 1
0.192284 1
0.093315 1
0.211641 1
0.255780 1
0.132020 1
0.091884 1
0.173116 1
0.526905 1
0.660355 4
0.311687 1
0.389098 1
0.105811 1
0.106136 1
0.087952 1
0.897841 1
0.609388 4
0.141827 1
0.305916 1
1.780079 1
0.528912 1
0.106121 1
0.213978 1
0.136018 1
0.135953 1
0.308024 1
0.055968 1
0.364188 1
4.957007 2
0.008880 154
0.911152 1
0.143640 1
0.089643 1
0.122489 1
0.084006 1
0.115965 1
0.164148 1
0.072085 1
0.167761 1
0.140070 1
0.316032 1
0.303972 1
0.154005 1
0.211160 1
0.171813 1
0.192047 1
0.075933 1
0.195944 1
0.099886 1
0.276316 1
2.569042 1
0.119689 1
0.076223 1
0.170146 1
0.190338 1
0.031372 1
0.492008 4
0.148099 4
0.265002 1
1.648175 1
0.099766 1
0.095816 1
0.120154 1
0.196015 1
0.964074 1
1.149814 1
0.239977 1
0.102207 1
0.137970 1
0.065885 1
0.236188 1
0.167949 1
0.228036 1
0.183904 1
0.165057 1
0.094959 1
0.079997 1
0.428886 1
0.180150 1
0.159925 1
0.184158 1
0.167888 1
0.108037 1
0.220003 1
0.300973 1
0.077182 1
0.214791 1
0.196154 1
0.087861 1
0.178004 1
0.061889 1
0.152077 3
0.096058 1
8.906030 1
3.637966 2
0.011311 154
3.269848 1
0.695981 1
0.099818 1
0.156000 1
0.136026 1
0.105708 1
0.163329 1
0.079937 1
0.160198 1
0.116891 1
0.130834 1
0.296053 1
0.152096 1
0.167940 2
0.005777 27
0.000157 67
0.000014 99
0.000021 96
0.000009 60
0.000010 65
0.000008 61
0.000009 79
0.000009 90
0.000032 136
0.000011 120
0.000010 65
0.000010 52
0.000009 30
0.000008 8
0.000024 49
0.000009 126
0.000014 66
0.000008 51
0.000009 58
0.000008 75
0.000009 47
0.000009 54
0.000008 52
0.000009 68
0.000012 90
0.000926 154
27.200891 1
0.140026 1
0.159909 1
0.196052 1
0.160014 1
0.114522 1
0.166281 1
0.104214 1
0.135953 1
0.114021 1
0.205992 1
0.300021 1
0.155957 1
0.217076 1
0.163012 1
0.172062 1
0.071871 1
0.167967 1
0.052008 1
0.214074 1
0.341876 1
0.288129 1
0.111992 1
0.221078 1
0.146775 1
0.156654 1
0.093301 1
0.134088 1
0.084302 1
0.140667 1
0.324948 1
0.399205 1
0.123776 1
0.200160 1
0.448194 4
0.191740 1
0.207851 1
0.106560 1
0.076724 1
3.186094 1
0.139859 1
0.087893 1
0.208033 1
0.160110 1
0.235911 2
0.011414 154
11.839780 1
0.151679 1
0.200158 1
0.119954 1
0.344951 1
0.220199 1
0.252054 1
0.127035 1
0.324995 1
0.233781 1
0.145927 1
0.168248 2
0.382915 34
0.064704 373
0.001073 180
0.000569 65
0.011318 33
0.002911 33
0.003255 33
0.003451 33
0.000151 71
0.011991 92
0.007193 53
0.031468 21
0.001214 154
22.082882 1
0.067874 1
0.119831 1
0.076017 1
0.188158 1
0.183944 1
0.123769 1
0.096738 1
0.163342 1
0.176121 1
0.101084 1
0.102932 1
0.115977 1
0.098173 1
0.162783 1
0.142996 1
0.196051 1
0.139904 1
0.096336 1
0.151567 1
0.168182 2
0.218829 114
0.000537 35
24.282705 1
0.365831 1
0.092078 1
0.199881 1
0.148029 1
0.120533 1
0.295417 1
0.048137 1
0.203843 2
0.000398 44
5.300694 2
0.091658 114
0.000879 356
0.001753 154
8.663999 1
0.131782 1
0.107931 1
0.135945 1
0.157074 1
0.112075 1
0.176037 1
0.084147 1
0.139543 1
0.111310 1
0.148954 1
0.304064 1
0.149856 1
0.494257 1
0.171755 1
0.163931 1
0.080127 1
0.209123 1
0.095371 1
0.211596 1
0.410755 1
0.269136 1
0.144021 1
0.310109 1
0.116936 1
0.189892 1
0.093250 1
0.182734 1
0.104093 1
0.144155 1
0.423977 1
0.328158 1
0.127564 1
0.656311 1
0.200818 1
0.104026 1
0.089045 1
0.122962 1
0.424055 1
0.099820 1
0.784154 1
0.147827 1
0.139525 1
0.601776 2
0.009397 154
17.261643 1
0.131553 1
0.144228 1
0.119990 1
2.124166 1
0.292933 1
0.116837 1
6.095274 1
0.163983 1
0.211851 1
0.090030 1
0.133785 1
0.076170 1
0.425142 1
0.208859 1
0.157836 1
0.181154 1
0.123961 1
0.084128 1
0.151925 1
0.185101 2
0.210059 35
1.464769 1
0.236968 1
0.083042 1
0.420112 1
0.147730 1
0.120211 1
0.279932 1
0.048082 1
0.447792 2
0.000428 44
361.807954 2
0.223768 356
0.002224 154
1.182007 1
0.195931 1
0.147949 1
0.139852 1
1.653228 2
0.000051 6
