0.039791 154
260.530206 158
2.333701 1
0.093403 1
0.162671 2
0.012176 151
0.000671 154
81.767998 158
2.399215 1
0.450889 1
0.135908 1
1.412986 1
0.448017 1
0.324038 1
0.084028 1
0.195890 1
0.252137 1
0.180814 1
0.201185 1
0.170032 1
1.181012 2
1.418409 154
15.091626 1
0.371892 1
0.572106 1
1.031960 1
1.171936 1
0.296116 1
0.183713 1
0.808276 2
0.006235 87
0.000254 2
0.000543 23
0.000362 154
53.931662 1
1.011967 1
0.171784 1
2.401268 4
0.167715 4
0.789318 1
0.138630 1
1.144326 1
0.996994 1
0.094726 1
0.14001